Simulation Parameters:
  - Grid Size: 50 x 50
  - DIM_X: 1.0
  - DIM_Y: 1.0
  - dx: 0.02040816326530612
  - dy: 0.02040816326530612
  - CFL: 0.5
  - Re: 100
  - Nu: 0.01
  - Time Step: 0.01020408163265306
  - Total Iterations: 10000
