Simulation Parameters:
  - Grid Size: 80 x 80
  - DIM_X: 1.0
  - DIM_Y: 1.0
  - dx: 0.012658227848101266
  - dy: 0.012658227848101266
  - CFL: 0.3
  - Re: 400
  - Nu: 0.0025
  - Time Step: 0.0037974683544303796
  - Total Iterations: 10000
